6
75645201
1330159489
936162
520
12
5
6500
208.94.60.93
208.94.60.95
208.94.70.30
0
3
650
57896
75640202
75645200
6855
22
8
6
11
3
4
28
28
208.94.60.93
208.94.60.95
0.0.0.0
1
3
654
57855
75640202
75645200
6855
22
8
6
11
3
4
28
28
208.94.60.93
208.94.61.95
208.94.70.30
0
3
650
57896
75640202
75645200
6855
22
8
1
11
3
4
28
28
208.94.60.93
208.94.61.95
0.0.0.0
0
3
650
57896
75640202
75645200
6855
22
8
6
11
3
4
28
28
208.94.60.93
208.94.61.95
208.94.70.20
0
3
650
57896
75640202
75645200
6855
22
8
6
11
3
4
28
28
208.94.60.93
208.94.61.95
208.94.70.10
0
3
650
57896
75640202
75645200
6855
22
8
2
11
3
4
28
28
6randomflows.txt
